 0 15 19 15  3 
15  0  7  6 17 
19  7  0  2  0 
15  6  2  0  6 
 3 17  0  6  0 

Ребро : Вес ребра
0 - 4 : 3
4 - 3 : 6
3 - 2 : 2
3 - 1 : 6
------------------------------------------------------------------------------------
 0  8 14 16 16 
 8  0  3 19 15 
14  3  0 10  1 
16 19 10  0 16 
16 15  1 16  0 

Ребро : Вес ребра
0 - 1 : 8
1 - 2 : 3
2 - 4 : 1
2 - 3 : 10
------------------------------------------------------------------------------------
 0  1  2 
 1  0  3 
 2  3  0 

Ребро : Вес ребра
0 - 1 : 1
0 - 2 : 2
------------------------------------------------------------------------------------
